分析时间: 2026-03-25 12:45:02.535775
市场数量: 200

其他: {'count': 113, 'spreads': [0.0, 0.0, 0.0, 0.0, 0.0, 0.0, 0.0, 0.0, 0.0, 0.0, 0.0, 0.0, 0.0, 0.0, 0.0, 0.0, 0.0, 0.0, 0.0, 0.0, 0.0, 0.0, 0.0, 0.0, 0.0, 0.0, 0.0, 0.0, 0.0, 0.0, 0.0, 0.0, 0.0, 0.0, 0.0, 0.0, 0.0, 0.0, 0.0, 0.0, 0.0, 0.0, 0.0, 0.0, 0.0, 0.0, 0.0, 0.0, 0.0, 0.0, 0.0, 0.0, 0.0, 0.0, 0.0, 0.0, 0.0, 0.0, 0.0, 0.0, 0.0, 0.0, 0.0, 0.0, 0.0, 0.0, 0.0, 0.0, 0.0, 0.0, 0.0, 0.0, 0.0, 0.0, 0.0, 0.0, 0.0, 0.0, 0.0, 0.0, 0.0, 0.0, 0.0, 0.0, 0.0, 0.0, 0.0, 0.0, 0.0, 0.0, 0.0, 0.0, 0.0, 0.0, 0.0, 0.0, 0.0, 0.0, 0.0, 0.0, 0.0, 0.0, 0.0, 0.0, 0.0, 0.0, 0.0, 0.0, 0.0, 0.0, 0.0, 0.0, 0.0], 'volumes': [9.99359, 9.990553, 999.0375769999999, 9963.815595, 9959.112855, 995770.4361030011, 99550.348453, 995.1543329999998, 9946.893650999998, 99.42486200000002, 9931.583111999997, 9928.809801, 991.8629999999999, 99.08695, 990.2411230000002, 990.0, 9891.034545000004, 9889.072944000001, 9880.208094999998, 9878.823166, 98.69000000000001, 986.158333, 9858.617928999989, 98543.886451, 9838.889707, 9.836063, 9834.043999999996, 98.30600000000001, 98273.94206100077, 98261.09271299996, 981.3557729999999, 9811039.528610086, 9810880.312886927, 981.02, 980.992003, 9808.445264000002, 980.767633, 98068.74694800006, 9806.665364000004, 9800.960000000001, 979.9402359999997, 978.8675, 978.8506370000001, 97.84386500000002, 97.830774, 978.1986410000001, 9779.885251999996, 9779.068299, 97783.81103999996, 977.820201, 977.7273329999999, 9775.049902000006, 9773.528683999997, 976.9091000000002, 976.5576340000001, 97645.230172, 9763.830181000003, 97596.42713699998, 97.594201, 975.297231, 975.2599999999995, 974.672501, 9744.234545000001, 973.6242669999998, 9731070.215659976, 97309.15964299999, 972.876297, 97.286683, 972.5084069999999, 97.22999999999999, 9718.836869999997, 97.16953000000001, 9713.180195999994, 970.25, 97011.35973100002, 97009.10191400016, 9699.532409999993, 96992.35507700001, 9697.390865000003, 96948.005674, 969.226338, 9686.953539999999, 9680.475465000003, 9673951.465694394, 966741.9019369993, 964855.9142999977, 964.7327880000001, 96470.32555599998, 9646.120637, 96452.06137900017, 96451.55207100006, 9638.632635, 96384.38285699999, 9637.301960999996, 9635.477056000002, 96.34, 9.63, 962.7689909999999, 9623.581647, 9622.92728, 961.248544, 961039.6926139974, 960536.3681210035, 959.96905, 959902.4133120008, 95.925817, 95858.31824899996, 957.67, 957.605262, 95686.47725699983, 95673.37607600002, 955.8622800000003, 9554.480698999998], 'examples': [], 'avg_spread': 0.0, 'max_spread': 0.0, 'avg_volume': 417217.37}
体育: {'count': 9, 'spreads': [0.0, 0.0, 0.0, 0.0, 0.0, 0.0, 0.0, 0.0, 0.0], 'volumes': [9989871.20639794, 995.7775, 982.9124780000003, 9806.553166000003, 97681.29031499996, 9647.702083000007, 964693.0139910021, 9642410.27212302, 960.8365], 'examples': [], 'avg_spread': 0.0, 'max_spread': 0.0, 'avg_volume': 2301894.4}
政治人物: {'count': 6, 'spreads': [0.0, 0.0, 0.0, 0.0, 0.0, 0.0], 'volumes': [99841.55509000001, 997.4394729999999, 9827.027943, 97968.64464900001, 9668.357015000003, 96050.038876], 'examples': [], 'avg_spread': 0.0, 'max_spread': 0.0, 'avg_volume': 52392.18}
天气: {'count': 27, 'spreads': [0.0, 0.0, 0.0, 0.0, 0.0, 0.0, 0.0, 0.0, 0.0, 0.0, 0.0, 0.0, 0.0, 0.0, 0.0, 0.0, 0.0, 0.0, 0.0, 0.0, 0.0, 0.0, 0.0, 0.0, 0.0, 0.0, 0.0], 'volumes': [99724.12892900004, 995.1353330000002, 994.4984029999999, 990.591182, 990.4745920000003, 98955.880428, 989.2480569999999, 98.23857899999999, 979.9970230000001, 977.8104539999999, 975.424726, 974.7921020000001, 9720.970141999987, 971.1237990000001, 970.9144790000003, 9684.921393, 968.2813900000002, 96607.44751300022, 965.9348359999999, 963.1461180000002, 962.461485, 961.880348, 960.8226020000001, 9606.950287999998, 9605.448825, 957.8865509999999, 956.536939], 'examples': [], 'avg_spread': 0.0, 'max_spread': 0.0, 'avg_volume': 13055.96}
经济: {'count': 3, 'spreads': [0.0, 0.0, 0.0], 'volumes': [9955.891968, 98814.48465399981, 9555.669532000007], 'examples': [], 'avg_spread': 0.0, 'max_spread': 0.0, 'avg_volume': 39442.02}
加密货币: {'count': 18, 'spreads': [0.0, 0.0, 0.0, 0.0, 0.0, 0.0, 0.0, 0.0, 0.0, 0.0, 0.0, 0.0, 0.0, 0.0, 0.0, 0.0, 0.0, 0.0], 'volumes': [99523.28028199973, 9930.554840000003, 9.92, 9.92, 9.92, 9892.442178999996, 9842.385126000001, 98402.02626699998, 980.9535830000002, 977.175538, 9733.238289999996, 972.3123, 9.705881, 9.705881, 9641.433507999995, 9615.77601499999, 960.7649540000001, 955.7658289999999], 'examples': [], 'avg_spread': 0.0, 'max_spread': 0.0, 'avg_volume': 14526.52}
股票: {'count': 7, 'spreads': [0.0, 0.0, 0.0, 0.0, 0.0, 0.0, 0.0], 'volumes': [99389.46960399998, 989.921, 988.6073809999999, 985.774182, 978.16, 9575.803024000006, 9.5641], 'examples': [], 'avg_spread': 0.0, 'max_spread': 0.0, 'avg_volume': 16131.04}
政治选举: {'count': 11, 'spreads': [0.0, 0.0, 0.0, 0.0, 0.0, 0.0, 0.0, 0.0, 0.0, 0.0, 0.0], 'volumes': [9927.640751, 9870.143692999996, 986.5999999999997, 9849.910896999982, 981.128825, 973.70514, 971.577069, 969208.0779860001, 96040.10001500002, 9582.871103999996, 95660.6922119999], 'examples': [], 'avg_spread': 0.0, 'max_spread': 0.0, 'avg_volume': 109459.31}
地缘政治: {'count': 6, 'spreads': [0.0, 0.0, 0.0, 0.0, 0.0, 0.0], 'volumes': [9783.860903999996, 9776.411399999999, 96818.53619700002, 9645.301364, 9619.497968000001, 9613085.10432319], 'examples': [], 'avg_spread': 0.0, 'max_spread': 0.0, 'avg_volume': 1624788.12}

AI建议:
基于数据分析：

## 1. 最值得关注的类别

**体育** - 平均交易量$230万，流动性最佳，价格发现效率高，适合大资金操作

**地缘政治** - 平均交易量$162万，事件驱动性强，存在信息不对称机会

## 2. 应该避开的类别

**天气** - 交易量仅$1.3万，流动性差，难以快速成交

**加密货币** - 交易量$1.45万，且波动性极高，风险过大

**股票** - 交易量$1.61万，可能存在监管风险

## 3. 具体套利策略建议

**主策略：体育套利**
- 重点关注热门赛事开赛前2-4小时
- 利用赔率波动进行双边下注
- 单笔资金控制在总资金的5-10%

**辅助策略：地缘政治事件**
- 关注重大国际新闻发布时点
- 快速反应，利用市场情绪过度反应
- 设置严格止损，单次风险不超过3%

**风控原则：**
- 避开低流动性市场（交易量<5万美元）
- 优先选择交易量>50万美元的标的
